{
  "advancedEditorSelectedIdentifier" : "ProjectBrowser",
  "openSceneRelativePaths" : [
    "Immersive.usda",
    "Untitled Scene.usda"
  ],
  "recentIdentifiers" : {
    "46FE06FB-42E2-4E89-80F8-3198FB066458" : [

    ]
  },
  "sceneCameraHistory" : {
    "46FE06FB-42E2-4E89-80F8-3198FB066458" : [
      {
        "date" : 777513122.05825,
        "title" : "Untitled",
        "transform" : [
          0.8556173,
          9.020241e-10,
          0.5176089,
          0,
          0.34816143,
          0.7399754,
          -0.5755173,
          0,
          -0.38301793,
          0.67263395,
          0.63313574,
          0,
          -0.035357222,
          0.8381054,
          0.30675048,
          1
        ]
      },
      {
        "date" : 777513109.083337,
        "title" : "Untitled",
        "transform" : [
          0.3096749,
          9.8321244e-09,
          0.95084256,
          0,
          0.35791934,
          0.9264478,
          -0.11656876,
          0,
          -0.88090587,
          0.3764233,
          0.28689745,
          0,
          -0.58022887,
          0.6140327,
          0.17833877,
          1
        ]
      },
      {
        "date" : 777513103.24379,
        "title" : "Untitled",
        "transform" : [
          0.9990714,
          1.2634677e-08,
          0.043086972,
          0,
          0.022891203,
          0.8471982,
          -0.5307837,
          0,
          -0.036503322,
          0.53127706,
          0.84641135,
          0,
          0.049247924,
          0.4269997,
          0.34251872,
          1
        ]
      },
      {
        "date" : 777513099.560405,
        "title" : "Untitled",
        "transform" : [
          0.92829716,
          1.2588451e-08,
          0.37183928,
          0,
          0.18224858,
          0.871651,
          -0.45498353,
          0,
          -0.3241142,
          0.49012703,
          0.8091511,
          0,
          -0.099766225,
          0.36047533,
          0.37811822,
          1
        ]
      },
      {
        "date" : 777513061.128138,
        "title" : "Untitled",
        "transform" : [
          0.15907474,
          1.44110786e-08,
          0.98726654,
          0,
          0.4458636,
          0.8922133,
          -0.07184035,
          0,
          -0.88085234,
          0.45161417,
          0.14192852,
          0,
          -0.5586994,
          0.46747085,
          0.0023521408,
          1
        ]
      },
      {
        "date" : 777513053.922366,
        "title" : "Untitled",
        "transform" : [
          0.99994725,
          1.3914922e-08,
          -0.010268272,
          0,
          -0.0059763286,
          0.81317395,
          -0.5819901,
          0,
          0.00834986,
          0.5820208,
          0.8131311,
          0,
          -0.14452645,
          0.4906155,
          0.5689988,
          1
        ]
      },
      {
        "date" : 777508496.684982,
        "title" : "Untitled",
        "transform" : [
          0.99994725,
          1.3914922e-08,
          -0.010268272,
          0,
          -0.0059763277,
          0.81317383,
          -0.58199006,
          0,
          0.00834986,
          0.5820208,
          0.8131311,
          0,
          0.020508181,
          0.524218,
          0.54325235,
          1
        ]
      },
      {
        "date" : 777508486.70245,
        "title" : "Untitled",
        "transform" : [
          0.9594723,
          1.26370265e-08,
          0.2818031,
          0,
          0.17561147,
          0.7820857,
          -0.59791505,
          0,
          -0.22039422,
          0.6231708,
          0.75038964,
          0,
          -0.07587336,
          0.44614056,
          0.37957096,
          1
        ]
      },
      {
        "date" : 777508477.337589,
        "title" : "Untitled",
        "transform" : [
          0.042170275,
          1.2914116e-08,
          0.9991104,
          0,
          0.26249337,
          0.9648703,
          -0.011079282,
          0,
          -0.9640119,
          0.26272708,
          0.04068884,
          0,
          -0.7459431,
          0.1653603,
          -0.013541194,
          1
        ]
      },
      {
        "date" : 777508474.088406,
        "title" : "Untitled",
        "transform" : [
          0.06995518,
          1.2893279e-08,
          0.9975501,
          0,
          0.25510278,
          0.9667485,
          -0.017889598,
          0,
          -0.96438,
          0.25572932,
          0.06762906,
          0,
          -0.7526044,
          0.14705034,
          -0.020850481,
          1
        ]
      }
    ],
    "AF09ED6F-1707-48FD-8720-65B998362C09" : [
      {
        "date" : 777508210.552251,
        "title" : "Untitled",
        "transform" : [
          0.9999997,
          0,
          0.00076293934,
          0,
          0.00053947954,
          0.7071069,
          -0.70710653,
          0,
          -0.00053947966,
          0.70710677,
          0.70710665,
          0,
          -0.002456795,
          3.2201707,
          3.2201698,
          1
        ]
      }
    ]
  },
  "sceneViewportBackgroundColors" : {

  },
  "selectedSceneRelativePath" : "VirtualPhantomTracked.usda"
}