{
  "advancedEditorSelectedIdentifier" : "ProjectBrowser",
  "openSceneRelativePaths" : [
    "Immersive.usda",
    "Untitled Scene.usda"
  ],
  "recentIdentifiers" : {

  },
  "sceneCameraHistory" : {
    "46FE06FB-42E2-4E89-80F8-3198FB066458" : [
      {
        "date" : 777508496.684982,
        "title" : "Untitled",
        "transform" : [
          0.99994725,
          1.3914922e-08,
          -0.010268272,
          0,
          -0.0059763277,
          0.81317383,
          -0.58199006,
          0,
          0.00834986,
          0.5820208,
          0.8131311,
          0,
          0.020508181,
          0.524218,
          0.54325235,
          1
        ]
      },
      {
        "date" : 777508486.70245,
        "title" : "Untitled",
        "transform" : [
          0.9594723,
          1.26370265e-08,
          0.2818031,
          0,
          0.17561147,
          0.7820857,
          -0.59791505,
          0,
          -0.22039422,
          0.6231708,
          0.75038964,
          0,
          -0.07587336,
          0.44614056,
          0.37957096,
          1
        ]
      },
      {
        "date" : 777508477.337589,
        "title" : "Untitled",
        "transform" : [
          0.042170275,
          1.2914116e-08,
          0.9991104,
          0,
          0.26249337,
          0.9648703,
          -0.011079282,
          0,
          -0.9640119,
          0.26272708,
          0.04068884,
          0,
          -0.7459431,
          0.1653603,
          -0.013541194,
          1
        ]
      },
      {
        "date" : 777508474.088406,
        "title" : "Untitled",
        "transform" : [
          0.06995518,
          1.2893279e-08,
          0.9975501,
          0,
          0.25510278,
          0.9667485,
          -0.017889598,
          0,
          -0.96438,
          0.25572932,
          0.06762906,
          0,
          -0.7526044,
          0.14705034,
          -0.020850481,
          1
        ]
      },
      {
        "date" : 777508462.575159,
        "title" : "Untitled",
        "transform" : [
          0.99610204,
          1.0427831e-08,
          -0.088208094,
          0,
          -0.05376967,
          0.7927266,
          -0.60720134,
          0,
          0.06992488,
          0.6095774,
          0.7896365,
          0,
          -0.009191122,
          0.4823358,
          0.78361046,
          1
        ]
      },
      {
        "date" : 777508458.818622,
        "title" : "Untitled",
        "transform" : [
          0.99610204,
          1.0427831e-08,
          -0.088208094,
          0,
          -0.05376967,
          0.7927266,
          -0.60720134,
          0,
          0.06992488,
          0.6095774,
          0.7896365,
          0,
          -0.023878999,
          0.45908064,
          1.2973554,
          1
        ]
      },
      {
        "date" : 777508448.668867,
        "title" : "Untitled",
        "transform" : [
          -0.19127665,
          0.00033468596,
          0.9815361,
          0,
          0.47033924,
          0.8777442,
          0.091357976,
          0,
          -0.861507,
          0.47912958,
          -0.1680494,
          0,
          -1.4004233,
          0.33036536,
          -0.9000817,
          1
        ]
      },
      {
        "date" : 777508446.759425,
        "title" : "Untitled",
        "transform" : [
          -0.2019598,
          0.00030818506,
          0.9793938,
          0,
          0.4881596,
          0.86696136,
          0.10039009,
          0,
          -0.84906566,
          0.49837527,
          -0.1752418,
          0,
          -1.4004233,
          0.33036536,
          -0.9000817,
          1
        ]
      },
      {
        "date" : 777508437.02118,
        "title" : "Untitled",
        "transform" : [
          0.24914402,
          -1.2161118e-08,
          0.96846646,
          0,
          0.41993657,
          0.90110075,
          -0.10803129,
          0,
          -0.8726858,
          0.43360978,
          0.22450386,
          0,
          -81.91284,
          14.000733,
          -60.187065,
          1
        ]
      },
      {
        "date" : 777508427.661479,
        "title" : "Untitled",
        "transform" : [
          0.24914402,
          -1.2161118e-08,
          0.96846646,
          0,
          0.41993657,
          0.90110075,
          -0.10803129,
          0,
          -0.8726858,
          0.43360978,
          0.22450386,
          0,
          -78.189705,
          12.15074,
          -61.145157,
          1
        ]
      }
    ],
    "AF09ED6F-1707-48FD-8720-65B998362C09" : [
      {
        "date" : 777508210.552251,
        "title" : "Untitled",
        "transform" : [
          0.9999997,
          0,
          0.00076293934,
          0,
          0.00053947954,
          0.7071069,
          -0.70710653,
          0,
          -0.00053947966,
          0.70710677,
          0.70710665,
          0,
          -0.002456795,
          3.2201707,
          3.2201698,
          1
        ]
      }
    ]
  },
  "sceneViewportBackgroundColors" : {

  },
  "selectedSceneRelativePath" : "VirtualPhantomTracked.usda"
}