{
  "advancedEditorSelectedIdentifier" : "ProjectBrowser",
  "openSceneRelativePaths" : [
    "Immersive.usda",
    "VirtualPhantomTracked.usda",
    "VirtualPhantom.usda",
    "Untitled Scene.usda"
  ],
  "recentIdentifiers" : {
    "26CBF004-095E-419C-9F36-3BC3C0039A43" : [

    ],
    "46FE06FB-42E2-4E89-80F8-3198FB066458" : [

    ]
  },
  "sceneCameraHistory" : {
    "26CBF004-095E-419C-9F36-3BC3C0039A43" : [
      {
        "date" : 780449696.743963,
        "title" : "Untitled",
        "transform" : [
          0.98174584,
          -1.8066993e-08,
          -0.19019738,
          0,
          -0.117568925,
          0.7860665,
          -0.6068583,
          0,
          0.14950773,
          0.618142,
          0.7717174,
          0,
          -0.026965776,
          0.52658844,
          0.40813586,
          1
        ]
      },
      {
        "date" : 780449679.849227,
        "title" : "Untitled",
        "transform" : [
          0.051057626,
          -1.7251887e-08,
          -0.9986957,
          0,
          -0.65179974,
          0.75765866,
          -0.03332287,
          0,
          0.7566705,
          0.6526511,
          0.03868431,
          0,
          0.50635004,
          0.5219765,
          -0.035279155,
          1
        ]
      },
      {
        "date" : 780449665.820758,
        "title" : "Untitled",
        "transform" : [
          0.504757,
          -1.7031589e-08,
          -0.86326146,
          0,
          -0.606272,
          0.711877,
          -0.3544929,
          0,
          0.61453605,
          0.7023041,
          0.359325,
          0,
          0.45191815,
          0.6383459,
          0.25992948,
          1
        ]
      },
      {
        "date" : 780449659.028836,
        "title" : "Untitled",
        "transform" : [
          -0.124999054,
          3.2947756e-09,
          -0.99215686,
          0,
          -0.12958057,
          0.99143445,
          0.016325496,
          0,
          0.9836586,
          0.13060494,
          -0.123928346,
          0,
          0.7529578,
          0.18348199,
          -0.123058826,
          1
        ]
      },
      {
        "date" : 780449654.108878,
        "title" : "Untitled",
        "transform" : [
          -0.014839446,
          3.978283e-09,
          -0.9998899,
          0,
          -0.4855748,
          0.87416553,
          0.0072064633,
          0,
          0.8740692,
          0.48562825,
          -0.012972112,
          0,
          0.6210197,
          0.44154307,
          -0.038736492,
          1
        ]
      },
      {
        "date" : 780449632.372348,
        "title" : "Untitled",
        "transform" : [
          0.39550203,
          4.0469885e-09,
          -0.91846514,
          0,
          -0.49399325,
          0.84304285,
          -0.21271937,
          0,
          0.7743054,
          0.5378465,
          0.33342516,
          0,
          0.55682796,
          0.47849205,
          0.20763983,
          1
        ]
      },
      {
        "date" : 780449624.378865,
        "title" : "Untitled",
        "transform" : [
          0.99435455,
          2.3970825e-09,
          -0.106108844,
          0,
          -0.047928188,
          0.8921755,
          -0.44913882,
          0,
          0.09466769,
          0.45168877,
          0.88713884,
          0,
          -0.116602704,
          0.20274042,
          0.30379954,
          1
        ]
      },
      {
        "date" : 780449486.300784,
        "title" : "Untitled",
        "transform" : [
          0.071938135,
          1.3680747e-08,
          -0.9974091,
          0,
          -0.27195498,
          0.96211,
          -0.01961471,
          0,
          0.9596173,
          0.27266133,
          0.069212385,
          0,
          0.2716298,
          0.12238397,
          -0.06332651,
          1
        ]
      },
      {
        "date" : 780449449.923437,
        "title" : "Untitled",
        "transform" : [
          0.99987227,
          4.0140216e-09,
          0.015983794,
          0,
          0.010159124,
          0.7720274,
          -0.635508,
          0,
          -0.01233993,
          0.6355892,
          0.7719288,
          0,
          0.009666361,
          0.3958178,
          0.28336832,
          1
        ]
      },
      {
        "date" : 780449423.55687,
        "title" : "Untitled",
        "transform" : [
          0.9994881,
          2.7851771e-05,
          -0.031993136,
          0,
          -0.023738826,
          0.6710483,
          -0.74103343,
          0,
          0.02144829,
          0.74141353,
          0.67070556,
          0,
          0.0137068555,
          0.41064665,
          0.27081352,
          1
        ]
      }
    ],
    "46FE06FB-42E2-4E89-80F8-3198FB066458" : [
      {
        "date" : 780450466.547387,
        "title" : "Untitled",
        "transform" : [
          0.631155,
          1.0434698e-07,
          -0.7756567,
          0,
          -0.3293777,
          0.90536064,
          -0.26801598,
          0,
          0.70224905,
          0.4246437,
          0.57142293,
          0,
          0.23515975,
          0.3979872,
          0.23486164,
          1
        ]
      },
      {
        "date" : 780450453.152972,
        "title" : "Untitled",
        "transform" : [
          0.99792075,
          1.2334404e-07,
          -0.064454034,
          0,
          -0.005746904,
          0.99601734,
          -0.0889752,
          0,
          0.06419739,
          0.08916066,
          0.9939462,
          0,
          0.0098571945,
          0.03247631,
          0.48577753,
          1
        ]
      },
      {
        "date" : 780450443.548485,
        "title" : "Untitled",
        "transform" : [
          0.99792075,
          1.2334404e-07,
          -0.064454034,
          0,
          -0.005746904,
          0.99601734,
          -0.0889752,
          0,
          0.06419739,
          0.08916066,
          0.9939462,
          0,
          0.02120848,
          0.10955424,
          0.30368584,
          1
        ]
      },
      {
        "date" : 780450423.851201,
        "title" : "Untitled",
        "transform" : [
          0.93082565,
          1.23548e-07,
          -0.36546364,
          0,
          -0.20771089,
          0.8227879,
          -0.5290335,
          0,
          0.30069903,
          0.5683487,
          0.76587194,
          0,
          0.06946216,
          0.29516828,
          0.16733493,
          1
        ]
      },
      {
        "date" : 780450419.24378,
        "title" : "Untitled",
        "transform" : [
          0.93082565,
          1.23548e-07,
          -0.36546364,
          0,
          -0.20771089,
          0.8227879,
          -0.5290335,
          0,
          0.30069903,
          0.5683487,
          0.76587194,
          0,
          0.063896425,
          0.25670803,
          0.19806129,
          1
        ]
      },
      {
        "date" : 780450414.633408,
        "title" : "Untitled",
        "transform" : [
          0.93082565,
          1.23548e-07,
          -0.36546364,
          0,
          -0.20771089,
          0.8227879,
          -0.5290335,
          0,
          0.30069903,
          0.5683487,
          0.76587194,
          0,
          0.07302406,
          0.19603701,
          0.23950112,
          1
        ]
      },
      {
        "date" : 780450352.672436,
        "title" : "Untitled",
        "transform" : [
          0.93082565,
          1.23548e-07,
          -0.36546364,
          0,
          -0.20771089,
          0.8227879,
          -0.5290335,
          0,
          0.30069903,
          0.5683487,
          0.76587194,
          0,
          6.9580708,
          18.679314,
          22.82087,
          1
        ]
      },
      {
        "date" : 780450333.117987,
        "title" : "Untitled",
        "transform" : [
          0.929118,
          1.2450495e-07,
          -0.3697834,
          0,
          -0.017374258,
          0.9988955,
          -0.04365421,
          0,
          0.36937505,
          0.046984695,
          0.9280918,
          0,
          7.0499105,
          2.7739058,
          19.10311,
          1
        ]
      },
      {
        "date" : 780450328.044568,
        "title" : "Untitled",
        "transform" : [
          0.7773268,
          1.316269e-07,
          -0.6290969,
          0,
          -0.32840165,
          0.8529329,
          -0.40578055,
          0,
          0.5365774,
          0.52202064,
          0.6630076,
          0,
          9.582766,
          11.426122,
          13.399317,
          1
        ]
      },
      {
        "date" : 780450301.122538,
        "title" : "Untitled",
        "transform" : [
          0.91385376,
          1.3232557e-07,
          -0.40604362,
          0,
          -0.24232535,
          0.80239296,
          -0.5453842,
          0,
          0.32580647,
          0.59679604,
          0.73326975,
          0,
          5.3677173,
          12.679344,
          13.461745,
          1
        ]
      }
    ],
    "A35F74F7-647D-4523-9EF4-606DDFF0CB3A" : [
      {
        "date" : 780449580.737268,
        "title" : "Untitled",
        "transform" : [
          -0.031151043,
          -0.00054439734,
          -0.9995145,
          0,
          0.16530576,
          0.9862261,
          -0.005689102,
          0,
          0.9857504,
          -0.16540262,
          -0.03063198,
          0,
          0.55749667,
          0.13775927,
          -0.0023692846,
          1
        ]
      },
      {
        "date" : 780449491.640725,
        "title" : "Untitled",
        "transform" : [
          -0.030711068,
          -0.00054439734,
          -0.99952817,
          0,
          0.16623978,
          0.98606926,
          -0.005644873,
          0,
          0.9856071,
          -0.1663346,
          -0.030192742,
          0,
          0.5575084,
          0.13723323,
          -0.0021242201,
          1
        ]
      },
      {
        "date" : 780449466.066598,
        "title" : "Untitled",
        "transform" : [
          -0.12447966,
          0.0019238878,
          -0.99222034,
          0,
          -0.8433334,
          0.5266666,
          0.10682215,
          0,
          0.5227747,
          0.85006976,
          -0.06393678,
          0,
          0.2954384,
          0.57806796,
          0.031495318,
          1
        ]
      },
      {
        "date" : 780449452.620552,
        "title" : "Untitled",
        "transform" : [
          0.75233346,
          1.2934279e-08,
          -0.65878236,
          0,
          -0.6038198,
          0.39987537,
          -0.6895659,
          0,
          0.26343083,
          0.9165694,
          0.30083963,
          0,
          -0.010039186,
          0.42343718,
          0.07124245,
          1
        ]
      },
      {
        "date" : 780449404.781937,
        "title" : "Untitled",
        "transform" : [
          -0.077916704,
          -6.710415e-10,
          -0.9969598,
          0,
          -0.11869982,
          0.9928868,
          0.009276899,
          0,
          0.9898683,
          0.11906178,
          -0.07736247,
          0,
          0.38865417,
          0.118397966,
          -0.024196617,
          1
        ]
      },
      {
        "date" : 780449396.908729,
        "title" : "Untitled",
        "transform" : [
          -0.09735626,
          -7.3496786e-10,
          -0.9952497,
          0,
          -0.09586726,
          0.9953499,
          0.009377823,
          0,
          0.9906216,
          0.09632485,
          -0.09690355,
          0,
          0.39133322,
          0.109749004,
          -0.031840384,
          1
        ]
      },
      {
        "date" : 780449334.29777,
        "title" : "Untitled",
        "transform" : [
          -0.011315377,
          -5.114974e-10,
          -0.99993604,
          0,
          -0.02370103,
          0.99971914,
          0.0002682009,
          0,
          0.99965507,
          0.023702553,
          -0.011312205,
          0,
          0.3799119,
          0.08220954,
          0.001425799,
          1
        ]
      },
      {
        "date" : 780449324.877211,
        "title" : "Untitled",
        "transform" : [
          -0.04823997,
          -5.122064e-10,
          -0.9988358,
          0,
          -0.014394397,
          0.9998963,
          0.00069519226,
          0,
          0.99873203,
          0.0144111775,
          -0.048234966,
          0,
          0.60950685,
          0.102423385,
          -0.017704833,
          1
        ]
      },
      {
        "date" : 780449316.978635,
        "title" : "Untitled",
        "transform" : [
          -0.18437305,
          -4.824638e-10,
          -0.98285633,
          0,
          0.09331838,
          0.9954825,
          -0.017505504,
          0,
          0.9784162,
          -0.0949461,
          -0.18354014,
          0,
          0.34389138,
          0.3272933,
          0.1523083,
          1
        ]
      },
      {
        "date" : 780449312.556075,
        "title" : "Untitled",
        "transform" : [
          -0.14861508,
          1.2790036e-10,
          -0.98889506,
          0,
          -0.033167668,
          0.99943733,
          0.004984569,
          0,
          0.9883387,
          0.03354013,
          -0.14853147,
          0,
          0.32242185,
          0.3528184,
          0.14813128,
          1
        ]
      }
    ],
    "AF09ED6F-1707-48FD-8720-65B998362C09" : [
      {
        "date" : 777508210.552251,
        "title" : "Untitled",
        "transform" : [
          0.9999997,
          0,
          0.00076293934,
          0,
          0.00053947954,
          0.7071069,
          -0.70710653,
          0,
          -0.00053947966,
          0.70710677,
          0.70710665,
          0,
          -0.002456795,
          3.2201707,
          3.2201698,
          1
        ]
      }
    ],
    "D66134B1-3681-4A8E-AFE5-29F257229F3B" : [
      {
        "date" : 780449151.194179,
        "title" : "Untitled",
        "transform" : [
          1,
          0,
          0,
          0,
          0,
          0.7071069,
          -0.70710677,
          0,
          0,
          0.70710677,
          0.7071069,
          0,
          0.0643321,
          0.67776936,
          0.8814381,
          1
        ]
      }
    ]
  },
  "sceneViewportBackgroundColors" : {

  },
  "selectedSceneRelativePath" : "Untitled Scene.usda"
}